[gd_scene load_steps=54 format=3 uid="uid://dfjl3me7le7ew"]

[ext_resource type="PackedScene" uid="uid://casuq5kyqnbwt" path="res://scenes/levels/level.tscn" id="1_fl1qg"]
[ext_resource type="Script" uid="uid://cavepdjsn0xd2" path="res://scenes/levels/overworld.gd" id="2_k5d7r"]
[ext_resource type="PackedScene" uid="uid://dei3k505mtc41" path="res://scenes/levels/overworld_skin.tscn" id="2_l7h5l"]
[ext_resource type="PackedScene" uid="uid://defd80nyuanxo" path="res://graphics/environment/objects/barrel.glb" id="2_tbicr"]
[ext_resource type="PackedScene" uid="uid://wmbsoi1t5ylt" path="res://scenes/entities/enemies/skeleton_mage.tscn" id="2_uhu12"]
[ext_resource type="PackedScene" uid="uid://ddsvnkbeyypbu" path="res://graphics/environment/objects/tree2.glb" id="3_c3d33"]
[ext_resource type="PackedScene" uid="uid://xf4k70n2j544" path="res://scenes/entities/enemies/skeleton_warrior.tscn" id="3_n0hg8"]
[ext_resource type="PackedScene" uid="uid://bmcdjbn3bx76c" path="res://scenes/entities/other/bird.tscn" id="4_5vv60"]
[ext_resource type="PackedScene" uid="uid://1dqpuol41mwr" path="res://scenes/levels/bridge.tscn" id="5_ftdat"]
[ext_resource type="PackedScene" uid="uid://busa8h5c44075" path="res://graphics/environment/objects/platoon.glb" id="5_hh5uf"]
[ext_resource type="PackedScene" uid="uid://cha1fejd104yc" path="res://scenes/levels/castle.tscn" id="6_id15u"]
[ext_resource type="PackedScene" uid="uid://bkmfvv8om32xq" path="res://graphics/environment/objects/tree1.glb" id="8_n8jux"]
[ext_resource type="PackedScene" uid="uid://dxvaiymlygd8b" path="res://graphics/environment/objects/camp.glb" id="9_61nx7"]
[ext_resource type="PackedScene" uid="uid://c04ysd6ex0ubs" path="res://graphics/environment/objects/pinetree.glb" id="9_w7e7j"]
[ext_resource type="PackedScene" uid="uid://crbb8scv3stc0" path="res://graphics/environment/objects/fence_post.glb" id="10_w7e7j"]
[ext_resource type="PackedScene" uid="uid://cefax5g013mud" path="res://graphics/environment/objects/fence_middle.glb" id="11_v6rrw"]
[ext_resource type="PackedScene" uid="uid://b4rhqen2u7u1d" path="res://graphics/environment/objects/campfire.glb" id="12_usmjs"]
[ext_resource type="PackedScene" uid="uid://fxi3picm86d8" path="res://graphics/environment/objects/lantern.glb" id="13_g6jrr"]
[ext_resource type="PackedScene" uid="uid://ml08shfcjeyy" path="res://graphics/environment/objects/shrine.glb" id="14_hh5uf"]
[ext_resource type="PackedScene" uid="uid://dsvmcf0eee72c" path="res://graphics/environment/objects/crates.glb" id="15_md8tm"]
[ext_resource type="PackedScene" uid="uid://bgkbet728sbnu" path="res://graphics/environment/objects/target.glb" id="17_v6rrw"]
[ext_resource type="PackedScene" uid="uid://cmmdtdawyvkdr" path="res://graphics/environment/objects/tree3.glb" id="18_usmjs"]
[ext_resource type="PackedScene" uid="uid://cnx8e4v6j3cwv" path="res://graphics/environment/objects/tree4.glb" id="19_g6jrr"]
[ext_resource type="PackedScene" uid="uid://017tob8o06v3" path="res://graphics/environment/objects/log.glb" id="20_g6jrr"]
[ext_resource type="PackedScene" uid="uid://d2pglgy0w12pg" path="res://graphics/environment/objects/chest.glb" id="22_vnvtj"]
[ext_resource type="PackedScene" uid="uid://cl6jdraxnqkty" path="res://graphics/environment/objects/rocks1.glb" id="24_xahul"]
[ext_resource type="PackedScene" uid="uid://cj0l2q4u7m6ly" path="res://graphics/environment/objects/rocks2.glb" id="25_uftyr"]
[ext_resource type="PackedScene" uid="uid://cw8b2woh0hlrx" path="res://graphics/environment/objects/rocks3.glb" id="26_ms2oj"]
[ext_resource type="PackedScene" uid="uid://b7fri258q6w5x" path="res://graphics/environment/objects/rocks4.glb" id="27_ms2oj"]
[ext_resource type="PackedScene" uid="uid://lforr8lmeko6" path="res://graphics/environment/objects/rock5.glb" id="28_5vv60"]
[ext_resource type="PackedScene" uid="uid://b7iesn273fw6k" path="res://scenes/levels/water.tscn" id="31_v6xm7"]
[ext_resource type="Script" uid="uid://bpcvpfx2y6jcp" path="res://addons/proton_scatter/src/scatter.gd" id="32_nfnk8"]
[ext_resource type="Script" uid="uid://6002spo70fte" path="res://addons/proton_scatter/src/stack/modifier_stack.gd" id="33_nlkbu"]
[ext_resource type="Script" uid="uid://lnpetdl036g1" path="res://addons/proton_scatter/src/modifiers/base_modifier.gd" id="34_ysyxr"]
[ext_resource type="Script" uid="uid://cloncnqidefjg" path="res://addons/proton_scatter/src/modifiers/create_inside_random.gd" id="35_y2yut"]
[ext_resource type="Script" uid="uid://cc2o2bgabneot" path="res://addons/proton_scatter/src/modifiers/randomize_transforms.gd" id="36_0882p"]
[ext_resource type="Script" uid="uid://cue03hkn852xn" path="res://addons/proton_scatter/src/modifiers/relax.gd" id="37_ausg6"]
[ext_resource type="Script" uid="uid://dtp0lspf2jlvu" path="res://addons/proton_scatter/src/modifiers/project_on_geometry.gd" id="38_nfp3b"]
[ext_resource type="Script" uid="uid://d1v83l28uh1q8" path="res://addons/proton_scatter/src/scatter_item.gd" id="39_whk71"]
[ext_resource type="Script" uid="uid://djiuo30wewl8n" path="res://addons/proton_scatter/src/scatter_shape.gd" id="40_r111s"]
[ext_resource type="Script" uid="uid://c6hoyuv07ah81" path="res://addons/proton_scatter/src/shapes/sphere_shape.gd" id="41_b80c1"]
[ext_resource type="AudioStream" uid="uid://cvq05fj2rym4b" path="res://audio/stream.mp3" id="42_nfnk8"]

[sub_resource type="ProceduralSkyMaterial" id="ProceduralSkyMaterial_ms2oj"]
sky_top_color = Color(0.210154, 0.674419, 0.886954, 1)
sky_horizon_color = Color(0.736258, 0.848651, 0.901481, 1)
ground_bottom_color = Color(0.185491, 0.170795, 0.169581, 1)
ground_horizon_color = Color(0.736258, 0.848651, 0.901481, 1)
energy_multiplier = 0.9

[sub_resource type="Sky" id="Sky_5vv60"]
sky_material = SubResource("ProceduralSkyMaterial_ms2oj")

[sub_resource type="Environment" id="Environment_k5d7r"]
background_mode = 1
background_color = Color(0.47838, 0.630061, 0.894531, 1)
sky = SubResource("Sky_5vv60")
ambient_light_source = 2
ambient_light_color = Color(0.976563, 0.842137, 0.865859, 1)
ambient_light_energy = 0.7
glow_enabled = true
glow_intensity = 0.09
glow_strength = 0.85
glow_blend_mode = 1
fog_light_color = Color(0.509804, 0.87451, 0.890196, 1)
fog_density = 0.0001
volumetric_fog_density = 0.005
adjustment_enabled = true
adjustment_brightness = 1.1
adjustment_contrast = 0.9

[sub_resource type="Curve3D" id="Curve3D_ms2oj"]
closed = true
_data = {
"points": PackedVector3Array(0, 0, 0, 0, 0, 0, -60.5696, 0, 33.8419, -1.98692, 5.57642, -46.78, 1.98692, -5.57642, 46.78, -133.641, 0, 111.48, -73.9729, 0.351563, 1.21422, 73.9729, -0.351563, -1.21422, -47.2706, -2.23425, 322.192, -27.843, -2.8396, 25.4491, 27.843, 2.8396, -25.4491, 165.355, 0, 241.727, 31.5549, -5.35327, 43.1391, -31.5549, 5.35327, -43.1391, 84.0504, 0, 42.9758),
"tilts": PackedFloat32Array(0, 0, 0, 0, 0)
}
point_count = 5

[sub_resource type="BoxShape3D" id="BoxShape3D_v6xm7"]
size = Vector3(4.5, 2, 5.5)

[sub_resource type="Resource" id="Resource_nfnk8"]
script = ExtResource("35_y2yut")
amount = 500
enabled = true
override_global_seed = false
custom_seed = 0
restrict_height = true
reference_frame = 1

[sub_resource type="Resource" id="Resource_nlkbu"]
script = ExtResource("36_0882p")
position = Vector3(0.15, 0.15, 0.15)
rotation = Vector3(20, 360, 20)
scale = Vector3(0.5, 0.5, 0.1)
enabled = true
override_global_seed = false
custom_seed = 0
restrict_height = false
reference_frame = 2

[sub_resource type="Resource" id="Resource_ysyxr"]
script = ExtResource("37_ausg6")
iterations = 3
offset_step = 0.2
consecutive_step_multiplier = 0.75
use_computeshader = true
enabled = true
override_global_seed = false
custom_seed = 0
restrict_height = true
reference_frame = 0

[sub_resource type="Resource" id="Resource_y2yut"]
script = ExtResource("38_nfp3b")
ray_direction = Vector3(0, -1, 0)
ray_length = 5.0
ray_offset = 5.0
remove_points_on_miss = false
align_with_collision_normal = false
max_slope = 90.0
collision_mask = 1
exclude_mask = 0
enabled = true
override_global_seed = false
custom_seed = 0
restrict_height = false
reference_frame = 0

[sub_resource type="Resource" id="Resource_0882p"]
script = ExtResource("33_nlkbu")
stack = Array[ExtResource("34_ysyxr")]([SubResource("Resource_nfnk8"), SubResource("Resource_nlkbu"), SubResource("Resource_ysyxr"), SubResource("Resource_y2yut")])

[sub_resource type="Resource" id="Resource_g8bsm"]
script = ExtResource("41_b80c1")
radius = 3.04297

[node name="Overworld" instance=ExtResource("1_fl1qg")]
script = ExtResource("2_k5d7r")

[node name="WorldEnvironment" type="WorldEnvironment" parent="." index="0"]
environment = SubResource("Environment_k5d7r")

[node name="DirectionalLight3D" type="DirectionalLight3D" parent="." index="1"]
transform = Transform3D(-0.866023, -0.433016, 0.250001, 0, 0.499998, 0.866027, -0.500003, 0.749999, -0.43301, 0, 0, 0)
light_color = Color(0.941176, 0.941176, 0.941176, 1)
light_energy = 2.0
shadow_enabled = true
shadow_opacity = 0.6

[node name="Player" parent="Entities" index="0"]
transform = Transform3D(1, 0, 0, 0, 1, 0, 0, 0, 1, -1.40481, 12.5596, -85.2122)

[node name="SkeletonMage" parent="Entities" index="1" instance=ExtResource("2_uhu12")]
transform = Transform3D(1, 0, 0, 0, 1, 0, 0, 0, 1, -27.6583, -32.8069, 110.337)

[node name="SkeletonMage2" parent="Entities" index="2" instance=ExtResource("2_uhu12")]
transform = Transform3D(0.834925, 0, -0.550364, 0, 1, 0, 0.550364, 0, 0.834925, 66.6918, 1.92754, -63.0989)

[node name="SkeletonMage3" parent="Entities" index="3" instance=ExtResource("2_uhu12")]
transform = Transform3D(0.834925, 0, -0.550364, 0, 1, 0, 0.550364, 0, 0.834925, 138.136, -17.7542, -14.2798)

[node name="SkeletonMage4" parent="Entities" index="4" instance=ExtResource("2_uhu12")]
transform = Transform3D(-0.145151, 0, -0.98941, 0, 1, 0, 0.98941, 0, -0.145151, 171.58, -36.4864, 109.098)

[node name="SkeletonMage5" parent="Entities" index="5" instance=ExtResource("2_uhu12")]
transform = Transform3D(-0.145151, 0, -0.98941, 0, 1, 0, 0.98941, 0, -0.145151, 48.3579, -35.4881, 204.118)

[node name="SkeletonMage9" parent="Entities" index="6" instance=ExtResource("2_uhu12")]
transform = Transform3D(-0.0227224, 0, 0.999742, 0, 1, 0, -0.999742, 0, -0.0227224, -202.282, -31.875, 282.843)

[node name="SkeletonMage7" parent="Entities" index="7" instance=ExtResource("2_uhu12")]
transform = Transform3D(-0.145151, 0, -0.98941, 0, 1, 0, 0.98941, 0, -0.145151, 35.0073, -32.6741, 338.552)

[node name="SkeletonMage8" parent="Entities" index="8" instance=ExtResource("2_uhu12")]
transform = Transform3D(-0.145151, 0, -0.98941, 0, 1, 0, 0.98941, 0, -0.145151, 35.0073, -32.6741, 338.552)

[node name="SkeletonMage6" parent="Entities" index="9" instance=ExtResource("2_uhu12")]
transform = Transform3D(-0.598143, 0, -0.80139, 0, 1, 0, 0.80139, 0, -0.598143, 190.113, -32.904, 269.582)

[node name="SkeletonWarrior" parent="Entities" index="10" instance=ExtResource("3_n0hg8")]
transform = Transform3D(0.676169, 0, -0.736746, 0, 1, 0, 0.736746, 0, 0.676169, 68.4396, 2.05807, -60.3237)

[node name="SkeletonWarrior2" parent="Entities" index="11" instance=ExtResource("3_n0hg8")]
transform = Transform3D(0.676169, 0, -0.736746, 0, 1, 0, 0.736746, 0, 0.676169, 134.068, -19.0301, -4.08881)

[node name="SkeletonWarrior3" parent="Entities" index="12" instance=ExtResource("3_n0hg8")]
transform = Transform3D(0.340035, 0, -0.940413, 0, 1, 0, 0.940413, 0, 0.340035, 139.347, -20.1833, -2.35963)

[node name="SkeletonWarrior4" parent="Entities" index="13" instance=ExtResource("3_n0hg8")]
transform = Transform3D(-0.0243275, 0, -0.999704, 0, 1, 0, 0.999704, 0, -0.0243275, 157.449, -35.4319, 110.456)

[node name="SkeletonWarrior6" parent="Entities" index="14" instance=ExtResource("3_n0hg8")]
transform = Transform3D(-0.999772, 0, 0.0213262, 0, 1, 0, -0.0213262, 0, -0.999772, 69.0813, -35.0297, 194.132)

[node name="SkeletonWarrior7" parent="Entities" index="15" instance=ExtResource("3_n0hg8")]
transform = Transform3D(-0.662751, 0, 0.74884, 0, 1, 0, -0.74884, 0, -0.662751, 66.9934, -35.0244, 201.791)

[node name="SkeletonWarrior12" parent="Entities" index="16" instance=ExtResource("3_n0hg8")]
transform = Transform3D(0.0262292, 0, 0.999656, 0, 1, 0, -0.999656, 0, 0.0262292, -212.394, -27.0872, 293.552)

[node name="SkeletonMage10" parent="Entities" index="17" instance=ExtResource("2_uhu12")]
transform = Transform3D(-0.0227224, 0, 0.999742, 0, 1, 0, -0.999742, 0, -0.0227224, -189.368, -34.1234, 146.738)

[node name="SkeletonMage11" parent="Entities" index="18" instance=ExtResource("2_uhu12")]
transform = Transform3D(-0.0227224, 0, 0.999742, 0, 1, 0, -0.999742, 0, -0.0227224, -219.886, -36.6764, 176.264)

[node name="SkeletonWarrior14" parent="Entities" index="19" instance=ExtResource("3_n0hg8")]
transform = Transform3D(0.0262292, 0, 0.999656, 0, 1, 0, -0.999656, 0, 0.0262292, -205.609, -34.7557, 141.952)

[node name="SkeletonMage12" parent="Entities" index="20" instance=ExtResource("2_uhu12")]
transform = Transform3D(0.461485, 0, 0.887148, 0, 1, 0, -0.887148, 0, 0.461485, -130.951, 12.5387, -26.502)

[node name="SkeletonWarrior16" parent="Entities" index="21" instance=ExtResource("3_n0hg8")]
transform = Transform3D(0.768071, 0, 0.640364, 0, 1, 0, -0.640364, 0, 0.768071, -131.715, 12.0155, -22.4697)

[node name="SkeletonWarrior17" parent="Entities" index="22" instance=ExtResource("3_n0hg8")]
transform = Transform3D(0.355074, 0, 0.934838, 0, 1, 0, -0.934838, 0, 0.355074, -127.07, 12.5871, -27.3611)

[node name="SkeletonWarrior15" parent="Entities" index="23" instance=ExtResource("3_n0hg8")]
transform = Transform3D(0.0262292, 0, 0.999656, 0, 1, 0, -0.999656, 0, 0.0262292, -229.277, -35.7394, 174.121)

[node name="SkeletonWarrior13" parent="Entities" index="24" instance=ExtResource("3_n0hg8")]
transform = Transform3D(-0.997707, 0, 0.0676844, 0, 1, 0, -0.0676844, 0, -0.997707, -194.167, -26.4464, 300.985)

[node name="SkeletonWarrior10" parent="Entities" index="25" instance=ExtResource("3_n0hg8")]
transform = Transform3D(-0.662751, 0, 0.74884, 0, 1, 0, -0.74884, 0, -0.662751, 48.6635, -32.2888, 347.724)

[node name="SkeletonWarrior11" parent="Entities" index="26" instance=ExtResource("3_n0hg8")]
transform = Transform3D(-0.662751, 0, 0.74884, 0, 1, 0, -0.74884, 0, -0.662751, 47.101, -31.6515, 355.481)

[node name="SkeletonWarrior8" parent="Entities" index="27" instance=ExtResource("3_n0hg8")]
transform = Transform3D(-0.494655, 0, -0.869089, 0, 1, 0, 0.869089, 0, -0.494655, 183.939, -37.0026, 235.28)

[node name="SkeletonWarrior9" parent="Entities" index="28" instance=ExtResource("3_n0hg8")]
transform = Transform3D(-0.0482919, 0, -0.998833, 0, 1, 0, 0.998833, 0, -0.0482919, 199.05, -33.0612, 259.497)

[node name="SkeletonWarrior5" parent="Entities" index="29" instance=ExtResource("3_n0hg8")]
transform = Transform3D(-0.0243275, 0, -0.999704, 0, 1, 0, 0.999704, 0, -0.0243275, 161.618, -33.3623, 95.4899)

[node name="Path3D" type="Path3D" parent="Entities" index="30"]
transform = Transform3D(1, 0, 0, 0, 1, 0, 0, 0, 1, 0, 32.9853, 0)
curve = SubResource("Curve3D_ms2oj")

[node name="Bird" parent="Entities/Path3D" index="0" instance=ExtResource("4_5vv60")]
transform = Transform3D(0.728199, 0, -0.685362, 0, 0.999996, 0, 0.685362, 0, 0.728198, -60.5696, 0, 33.8419)
use_model_front = true

[node name="overworld_environment" parent="Environment" index="0" instance=ExtResource("2_l7h5l")]

[node name="Bridges" type="Node3D" parent="Environment" index="1"]

[node name="bridge" parent="Environment/Bridges" index="0" instance=ExtResource("5_ftdat")]
transform = Transform3D(0.866025, 0, -0.5, 0, 1, 0, 0.5, 0, 0.866025, -47, -49, 267)

[node name="bridge2" parent="Environment/Bridges" index="1" instance=ExtResource("5_ftdat")]
transform = Transform3D(0.955829, 0, 0.293923, 0, 1, 0, -0.293923, 0, 0.955829, 141.21, -48.1121, 200.999)

[node name="platoon" parent="Environment/Bridges" index="2" instance=ExtResource("5_hh5uf")]
transform = Transform3D(0.32636, 0, -0.945246, 0, 1, 0, 0.945246, 0, 0.32636, -156.13, -47.6622, 217.256)

[node name="platoon2" parent="Environment/Bridges" index="3" instance=ExtResource("5_hh5uf")]
transform = Transform3D(-0.492393, 0, 0.870373, 0, 1, 0, -0.870373, 0, -0.492393, -123.75, -48.6127, 272.45)

[node name="Castle" type="Node3D" parent="Environment" index="2"]

[node name="castle2" parent="Environment/Castle" index="0" instance=ExtResource("6_id15u")]
transform = Transform3D(0.812897, 0, 0.582407, 0, 1, 0, -0.582407, 0, 0.812897, -111.276, -43.5188, 343.601)

[node name="castlearea" type="Area3D" parent="Environment/Castle/castle2" index="8"]
collision_layer = 0
collision_mask = 2

[node name="CollisionShape3D" type="CollisionShape3D" parent="Environment/Castle/castle2/castlearea" index="0"]
transform = Transform3D(0.951013, 0, 0.30915, 0, 1, 0, -0.30915, 0, 0.951013, 3.95496, 7.51538, -7.22427)
shape = SubResource("BoxShape3D_v6xm7")

[node name="Barrels" type="Node3D" parent="Environment" index="3"]

[node name="barrel" parent="Environment/Barrels" index="0" instance=ExtResource("2_tbicr")]
transform = Transform3D(1, 0, 0, 0, 1, 0, 0, 0, 1, -5.44834, 12.6282, -69.116)

[node name="barrel2" parent="Environment/Barrels" index="1" instance=ExtResource("2_tbicr")]
transform = Transform3D(1, 0, 0, 0, 1, 0, 0, 0, 1, 88.9966, -1.06858, -80.7147)

[node name="barrel4" parent="Environment/Barrels" index="2" instance=ExtResource("2_tbicr")]
transform = Transform3D(1, 0, 0, 0, 1, 0, 0, 0, 1, 89.6487, 0.905665, -80.7147)

[node name="barrel3" parent="Environment/Barrels" index="3" instance=ExtResource("2_tbicr")]
transform = Transform3D(1, 0, 0, 0, 1, 0, 0, 0, 1, 90.5199, -1.06858, -80.7147)

[node name="barrel5" parent="Environment/Barrels" index="4" instance=ExtResource("2_tbicr")]
transform = Transform3D(1, 0, 0, 0, 1, 0, 0, 0, 1, 110.996, -13.5108, -21.0043)

[node name="barrel7" parent="Environment/Barrels" index="5" instance=ExtResource("2_tbicr")]
transform = Transform3D(1, 0, 0, 0, 1, 0, 0, 0, 1, 110.996, -11.5661, -21.0043)

[node name="barrel6" parent="Environment/Barrels" index="6" instance=ExtResource("2_tbicr")]
transform = Transform3D(1, 0, 0, 0, 1, 0, 0, 0, 1, 110.918, -13.6283, -19.029)

[node name="Trees" type="Node3D" parent="Environment" index="4"]

[node name="tree2" parent="Environment/Trees" index="0" instance=ExtResource("3_c3d33")]
transform = Transform3D(-0.877615, 0, -0.479366, 0, 1, 0, 0.479366, 0, -0.877615, -17.5234, 12.8784, -82.6252)

[node name="tree22" parent="Environment/Trees" index="1" instance=ExtResource("3_c3d33")]
transform = Transform3D(-0.996261, 0, -0.0863908, 0, 1, 0, 0.0863908, 0, -0.996261, 71.8595, 0.655522, -38.9694)

[node name="tree34" parent="Environment/Trees" index="2" instance=ExtResource("3_c3d33")]
transform = Transform3D(-0.405253, 0, -0.914204, 0, 1, 0, 0.914204, 0, -0.405253, 79.4764, -2.10889, -27.9836)

[node name="tree23" parent="Environment/Trees" index="3" instance=ExtResource("3_c3d33")]
transform = Transform3D(0.228028, 0, -0.973655, 0, 1, 0, 0.973655, 0, 0.228028, 41.2725, -4.13447, -23.3444)

[node name="tree24" parent="Environment/Trees" index="4" instance=ExtResource("3_c3d33")]
transform = Transform3D(-0.840018, 0, 0.542559, 0, 1, 0, -0.542559, 0, -0.840018, 94.6015, -9.96252, -18.5183)

[node name="tree26" parent="Environment/Trees" index="5" instance=ExtResource("3_c3d33")]
transform = Transform3D(0.369179, 0, 0.929358, 0, 1, 0, -0.929358, 0, 0.369179, -41.2471, -4.3453, -66.2878)

[node name="tree27" parent="Environment/Trees" index="6" instance=ExtResource("3_c3d33")]
transform = Transform3D(0.696026, 0, 0.718017, 0, 1, 0, -0.718017, 0, 0.696026, -41.8294, -10.4954, -52.5823)

[node name="tree119" parent="Environment/Trees" index="7" instance=ExtResource("3_c3d33")]
transform = Transform3D(0.712038, 0, -0.702141, 0, 1, 0, 0.702141, 0, 0.712038, -27.5689, -16.5453, -43.4918)

[node name="tree28" parent="Environment/Trees" index="8" instance=ExtResource("3_c3d33")]
transform = Transform3D(0.968891, 0, 0.247489, 0, 1, 0, -0.247489, 0, 0.968891, -12.7878, -13.176, -45.0087)

[node name="tree99" parent="Environment/Trees" index="9" instance=ExtResource("3_c3d33")]
transform = Transform3D(0.968891, 0, 0.247489, 0, 1, 0, -0.247489, 0, 0.968891, -8.7751, -18.1169, -27.2093)

[node name="tree100" parent="Environment/Trees" index="10" instance=ExtResource("3_c3d33")]
transform = Transform3D(0.968891, 0, 0.247489, 0, 1, 0, -0.247489, 0, 0.968891, -6.50221, -23.9013, 7.63568)

[node name="tree101" parent="Environment/Trees" index="11" instance=ExtResource("3_c3d33")]
transform = Transform3D(-0.0762667, 0, -0.997088, 0, 1, 0, 0.997088, 0, -0.0762667, 24.945, -22.1644, 11.0443)

[node name="tree102" parent="Environment/Trees" index="12" instance=ExtResource("3_c3d33")]
transform = Transform3D(-0.0762667, 0, -0.997088, 0, 1, 0, 0.997088, 0, -0.0762667, 44.6991, -18.1653, 9.5318)

[node name="tree29" parent="Environment/Trees" index="13" instance=ExtResource("3_c3d33")]
transform = Transform3D(-0.670504, 0, 0.741906, 0, 1, 0, -0.741906, 0, -0.670504, -24.5505, -13.5651, -53.1575)

[node name="tree1" parent="Environment/Trees" index="14" instance=ExtResource("8_n8jux")]
transform = Transform3D(1, 0, 0, 0, 1, 0, 0, 0, 1, -1.36892, 13.0098, -64.2424)

[node name="tree12" parent="Environment/Trees" index="15" instance=ExtResource("8_n8jux")]
transform = Transform3D(0.747172, 0, 0.664631, 0, 1, 0, -0.664631, 0, 0.747172, 48.9367, 3.50947, -49.4604)

[node name="tree25" parent="Environment/Trees" index="16" instance=ExtResource("8_n8jux")]
transform = Transform3D(0.563483, 0, -0.826128, 0, 1, 0, 0.826128, 0, 0.563483, 65.1544, 1.14071, -39.5935)

[node name="tree5" parent="Environment/Trees" index="17" instance=ExtResource("8_n8jux")]
transform = Transform3D(-0.52354, 0, -0.852001, 0, 1, 0, 0.852001, 0, -0.52354, -22.9126, 12.7195, -83.5932)

[node name="pinetree" parent="Environment/Trees" index="18" instance=ExtResource("9_w7e7j")]
transform = Transform3D(1, 0, 0, 0, 1, 0, 0, 0, 1, -18.9511, 13.4163, -88.6744)

[node name="pinetree2" parent="Environment/Trees" index="19" instance=ExtResource("9_w7e7j")]
transform = Transform3D(0.535768, 0, -0.844365, 0, 1, 0, 0.844365, 0, 0.535768, -25.9118, 12.7491, -85.2888)

[node name="pinetree3" parent="Environment/Trees" index="20" instance=ExtResource("9_w7e7j")]
transform = Transform3D(0.107045, 0, -0.994254, 0, 1, 0, 0.994254, 0, 0.107045, -23.5786, 8.99474, -70.6693)

[node name="pinetree37" parent="Environment/Trees" index="21" instance=ExtResource("9_w7e7j")]
transform = Transform3D(-0.89762, 0, -0.44077, 0, 1, 0, 0.44077, 0, -0.89762, -48.0486, 1.88617, -74.6918)

[node name="pinetree288" parent="Environment/Trees" index="22" instance=ExtResource("9_w7e7j")]
transform = Transform3D(-0.905953, 0, 0.423378, 0, 1, 0, -0.423378, 0, -0.905953, -46.9882, 0.562145, -69.3829)

[node name="pinetree174" parent="Environment/Trees" index="23" instance=ExtResource("9_w7e7j")]
transform = Transform3D(-0.698952, 0, 0.715168, 0, 1, 0, -0.715168, 0, -0.698952, -58.5798, 3.24403, -85.8751)

[node name="pinetree175" parent="Environment/Trees" index="24" instance=ExtResource("9_w7e7j")]
transform = Transform3D(0.107045, 0, -0.994254, 0, 1, 0, 0.994254, 0, 0.107045, -54.2443, 3.34479, -78.3725)

[node name="pinetree176" parent="Environment/Trees" index="25" instance=ExtResource("9_w7e7j")]
transform = Transform3D(-0.378293, 0, 0.925686, 0, 1, 0, -0.925686, 0, -0.378293, -62.7021, 1.67085, -59.3585)

[node name="pinetree285" parent="Environment/Trees" index="26" instance=ExtResource("9_w7e7j")]
transform = Transform3D(0.994211, 0, 0.107444, 0, 1, 0, -0.107444, 0, 0.994211, -64.9471, -1.27223, -51.2452)

[node name="pinetree177" parent="Environment/Trees" index="27" instance=ExtResource("9_w7e7j")]
transform = Transform3D(-0.94908, 0, -0.315036, 0, 1, 0, 0.315036, 0, -0.94908, -76.4928, 6.76869, -65.7178)

[node name="pinetree186" parent="Environment/Trees" index="28" instance=ExtResource("9_w7e7j")]
transform = Transform3D(-0.986847, 0, 0.161656, 0, 1, 0, -0.161656, 0, -0.986847, -79.4741, 5.48436, -58.8702)

[node name="pinetree289" parent="Environment/Trees" index="29" instance=ExtResource("9_w7e7j")]
transform = Transform3D(-0.733718, 0, -0.679454, 0, 1, 0, 0.679454, 0, -0.733718, -79.9359, 2.55777, -52.1168)

[node name="pinetree178" parent="Environment/Trees" index="30" instance=ExtResource("9_w7e7j")]
transform = Transform3D(-0.859112, 0, -0.511788, 0, 1, 0, 0.511788, 0, -0.859112, -85.342, 8.47132, -66.2789)

[node name="pinetree183" parent="Environment/Trees" index="31" instance=ExtResource("9_w7e7j")]
transform = Transform3D(-0.787538, 0, -0.616267, 0, 1, 0, 0.616267, 0, -0.787538, -95.7404, 8.08131, -47.9469)

[node name="pinetree185" parent="Environment/Trees" index="32" instance=ExtResource("9_w7e7j")]
transform = Transform3D(-0.8793, 0, -0.476269, 0, 1, 0, 0.476269, 0, -0.8793, -122.336, 16.1625, -52.2691)

[node name="pinetree187" parent="Environment/Trees" index="33" instance=ExtResource("9_w7e7j")]
transform = Transform3D(0.541635, 0, -0.840614, 0, 1, 0, 0.840614, 0, 0.541635, -123.381, 14.3833, -42.4243)

[node name="pinetree191" parent="Environment/Trees" index="34" instance=ExtResource("9_w7e7j")]
transform = Transform3D(0.962673, 0, 0.270668, 0, 1, 0, -0.270668, 0, 0.962673, -146.966, 14.229, -42.0286)

[node name="pinetree192" parent="Environment/Trees" index="35" instance=ExtResource("9_w7e7j")]
transform = Transform3D(0.541635, 0, -0.840614, 0, 1, 0, 0.840614, 0, 0.541635, -138.635, 13.9465, -38.4478)

[node name="pinetree193" parent="Environment/Trees" index="36" instance=ExtResource("9_w7e7j")]
transform = Transform3D(0.980563, 0, -0.196203, 0, 1, 0, 0.196203, 0, 0.980563, -146.649, 9.48554, -13.206)

[node name="pinetree194" parent="Environment/Trees" index="37" instance=ExtResource("9_w7e7j")]
transform = Transform3D(0.687265, 0, 0.726407, 0, 1, 0, -0.726407, 0, 0.687265, -153.587, 7.63925, -8.11591)

[node name="pinetree241" parent="Environment/Trees" index="38" instance=ExtResource("9_w7e7j")]
transform = Transform3D(0.459347, 0, -0.888257, 0, 1, 0, 0.888257, 0, 0.459347, -147.578, 2.76912, 0.130424)

[node name="pinetree277" parent="Environment/Trees" index="39" instance=ExtResource("9_w7e7j")]
transform = Transform3D(-0.108346, 0, 0.994113, 0, 1, 0, -0.994113, 0, -0.108346, -98.6677, -3.76806, -2.4875)

[node name="pinetree284" parent="Environment/Trees" index="40" instance=ExtResource("9_w7e7j")]
transform = Transform3D(-0.735068, 0, -0.677993, 0, 1, 0, 0.677993, 0, -0.735068, -108.237, 4.5841, -8.62287)

[node name="pinetree304" parent="Environment/Trees" index="41" instance=ExtResource("9_w7e7j")]
transform = Transform3D(-0.56938, 0, 0.822074, 0, 1, 0, -0.822074, 0, -0.56938, -116.401, 7.27506, -7.69233)

[node name="pinetree281" parent="Environment/Trees" index="42" instance=ExtResource("9_w7e7j")]
transform = Transform3D(0.459347, 0, -0.888257, 0, 1, 0, 0.888257, 0, 0.459347, -110.452, -11.1787, 12.2789)

[node name="pinetree327" parent="Environment/Trees" index="43" instance=ExtResource("9_w7e7j")]
transform = Transform3D(0.459347, 0, -0.888257, 0, 1, 0, 0.888257, 0, 0.459347, -90.8838, -25.7759, 54.6678)

[node name="pinetree301" parent="Environment/Trees" index="44" instance=ExtResource("9_w7e7j")]
transform = Transform3D(0.99848, 0, -0.055107, 0, 1, 0, 0.055107, 0, 0.99848, -119.464, -8.06563, 12.1374)

[node name="pinetree302" parent="Environment/Trees" index="45" instance=ExtResource("9_w7e7j")]
transform = Transform3D(-0.0750135, 0, -0.997182, 0, 1, 0, 0.997182, 0, -0.0750135, -120.079, 2.65996, 0.322563)

[node name="pinetree303" parent="Environment/Trees" index="46" instance=ExtResource("9_w7e7j")]
transform = Transform3D(-0.0750135, 0, -0.997182, 0, 1, 0, 0.997182, 0, -0.0750135, -114.295, -2.30108, 4.76226)

[node name="pinetree282" parent="Environment/Trees" index="47" instance=ExtResource("9_w7e7j")]
transform = Transform3D(-0.998631, 0, 0.0523012, 0, 1, 0, -0.0523012, 0, -0.998631, -117.62, -15.2805, 21.448)

[node name="pinetree280" parent="Environment/Trees" index="48" instance=ExtResource("9_w7e7j")]
transform = Transform3D(0.459347, 0, -0.888257, 0, 1, 0, 0.888257, 0, 0.459347, -89.9812, -10.5711, 5.23803)

[node name="pinetree278" parent="Environment/Trees" index="49" instance=ExtResource("9_w7e7j")]
transform = Transform3D(-0.995351, 0, 0.0963149, 0, 1, 0, -0.0963149, 0, -0.995351, -96.0647, -11.8296, 12.5914)

[node name="pinetree329" parent="Environment/Trees" index="50" instance=ExtResource("9_w7e7j")]
transform = Transform3D(0.684369, 0, 0.729136, 0, 1, 0, -0.729136, 0, 0.684369, -115.689, -26.3437, 44.6244)

[node name="pinetree331" parent="Environment/Trees" index="51" instance=ExtResource("9_w7e7j")]
transform = Transform3D(-0.995351, 0, 0.0963149, 0, 1, 0, -0.0963149, 0, -0.995351, -113.939, -28.1282, 59.1006)

[node name="pinetree330" parent="Environment/Trees" index="52" instance=ExtResource("9_w7e7j")]
transform = Transform3D(-0.995351, 0, 0.0963149, 0, 1, 0, -0.0963149, 0, -0.995351, -101.12, -24.7175, 44.0594)

[node name="pinetree307" parent="Environment/Trees" index="53" instance=ExtResource("9_w7e7j")]
transform = Transform3D(-0.995351, 0, 0.0963149, 0, 1, 0, -0.0963149, 0, -0.995351, -94.9122, -17.9773, 24.9092)

[node name="pinetree328" parent="Environment/Trees" index="54" instance=ExtResource("9_w7e7j")]
transform = Transform3D(-0.06953, 0, 0.99758, 0, 1, 0, -0.99758, 0, -0.06953, -89.5748, -21.9848, 42.4172)

[node name="pinetree314" parent="Environment/Trees" index="55" instance=ExtResource("9_w7e7j")]
transform = Transform3D(-0.995351, 0, 0.0963149, 0, 1, 0, -0.0963149, 0, -0.995351, -98.0513, -21.3851, 33.626)

[node name="pinetree309" parent="Environment/Trees" index="56" instance=ExtResource("9_w7e7j")]
transform = Transform3D(-0.0226351, 0, -0.999744, 0, 1, 0, 0.999744, 0, -0.0226351, -122.213, -32.1078, 161.354)

[node name="pinetree310" parent="Environment/Trees" index="57" instance=ExtResource("9_w7e7j")]
transform = Transform3D(-0.249839, 0, 0.968287, 0, 1, 0, -0.968287, 0, -0.249839, -113.968, -32.0292, 153.799)

[node name="pinetree311" parent="Environment/Trees" index="58" instance=ExtResource("9_w7e7j")]
transform = Transform3D(-0.0403761, 0, -0.999184, 0, 1, 0, 0.999184, 0, -0.0403761, -103.668, -32.3396, 167.927)

[node name="pinetree312" parent="Environment/Trees" index="59" instance=ExtResource("9_w7e7j")]
transform = Transform3D(-0.995351, 0, 0.0963149, 0, 1, 0, -0.0963149, 0, -0.995351, -99.6443, -32.0495, 155.106)

[node name="pinetree313" parent="Environment/Trees" index="60" instance=ExtResource("9_w7e7j")]
transform = Transform3D(0.764438, 0, 0.644697, 0, 1, 0, -0.644697, 0, 0.764438, -91.5864, -32.0137, 143.24)

[node name="pinetree315" parent="Environment/Trees" index="61" instance=ExtResource("9_w7e7j")]
transform = Transform3D(0.27228, 0, -0.962218, 0, 1, 0, 0.962218, 0, 0.27228, -81.3432, -32.0597, 142.513)

[node name="pinetree325" parent="Environment/Trees" index="62" instance=ExtResource("9_w7e7j")]
transform = Transform3D(0.27228, 0, -0.962218, 0, 1, 0, 0.962218, 0, 0.27228, -59.1658, -32.3535, 129.711)

[node name="pinetree326" parent="Environment/Trees" index="63" instance=ExtResource("9_w7e7j")]
transform = Transform3D(0.27228, 0, -0.962218, 0, 1, 0, 0.962218, 0, 0.27228, -42.6004, -32.8341, 136.448)

[node name="pinetree316" parent="Environment/Trees" index="64" instance=ExtResource("9_w7e7j")]
transform = Transform3D(0.285638, 0, -0.958337, 0, 1, 0, 0.958337, 0, 0.285638, -72.4641, -32.3182, 148.24)

[node name="pinetree323" parent="Environment/Trees" index="65" instance=ExtResource("9_w7e7j")]
transform = Transform3D(0.868502, 0, -0.495686, 0, 1, 0, 0.495686, 0, 0.868502, -72.5003, -32.0946, 134.005)

[node name="pinetree317" parent="Environment/Trees" index="66" instance=ExtResource("9_w7e7j")]
transform = Transform3D(0.113377, 0, -0.993552, 0, 1, 0, 0.993552, 0, 0.113377, -55.4189, -32.8243, 164.922)

[node name="pinetree354" parent="Environment/Trees" index="67" instance=ExtResource("9_w7e7j")]
transform = Transform3D(0.507162, 0, 0.86185, 0, 1, 0, -0.86185, 0, 0.507162, 3.72859, -40.4299, 221.869)

[node name="pinetree355" parent="Environment/Trees" index="68" instance=ExtResource("9_w7e7j")]
transform = Transform3D(0.801828, 0, 0.597555, 0, 1, 0, -0.597555, 0, 0.801828, 5.27791, -38.2411, 212.904)

[node name="pinetree359" parent="Environment/Trees" index="69" instance=ExtResource("9_w7e7j")]
transform = Transform3D(-0.935493, 0, -0.353344, 0, 1, 0, 0.353344, 0, -0.935493, 13.7314, -37.4846, 206.481)

[node name="pinetree356" parent="Environment/Trees" index="70" instance=ExtResource("9_w7e7j")]
transform = Transform3D(0.113377, 0, -0.993552, 0, 1, 0, 0.993552, 0, 0.113377, 12.6584, -39.027, 219.029)

[node name="pinetree357" parent="Environment/Trees" index="71" instance=ExtResource("9_w7e7j")]
transform = Transform3D(0.449849, 0, 0.893104, 0, 1, 0, -0.893104, 0, 0.449849, 20.9905, -38.2505, 209.45)

[node name="pinetree358" parent="Environment/Trees" index="72" instance=ExtResource("9_w7e7j")]
transform = Transform3D(-0.845951, 0, 0.53326, 0, 1, 0, -0.53326, 0, -0.845951, 22.9719, -40.0913, 220.142)

[node name="pinetree360" parent="Environment/Trees" index="73" instance=ExtResource("9_w7e7j")]
transform = Transform3D(0.113377, 0, -0.993552, 0, 1, 0, 0.993552, 0, 0.113377, 29.9542, -38.2766, 211.706)

[node name="pinetree361" parent="Environment/Trees" index="74" instance=ExtResource("9_w7e7j")]
transform = Transform3D(-0.99996, 0, -0.00888351, 0, 1, 0, 0.00888351, 0, -0.99996, 28.6812, -37.6794, 187.805)

[node name="pinetree362" parent="Environment/Trees" index="75" instance=ExtResource("9_w7e7j")]
transform = Transform3D(-0.819982, 0, -0.572389, 0, 1, 0, 0.572389, 0, -0.819982, 37.4652, -36.1981, 189.498)

[node name="pinetree363" parent="Environment/Trees" index="76" instance=ExtResource("9_w7e7j")]
transform = Transform3D(0.113377, 0, -0.993552, 0, 1, 0, 0.993552, 0, 0.113377, 49.4118, -34.9777, 186.846)

[node name="pinetree364" parent="Environment/Trees" index="77" instance=ExtResource("9_w7e7j")]
transform = Transform3D(0.382006, 0, 0.92416, 0, 1, 0, -0.92416, 0, 0.382006, 57.1434, -34.2626, 196.25)

[node name="pinetree365" parent="Environment/Trees" index="78" instance=ExtResource("9_w7e7j")]
transform = Transform3D(-0.994819, 0, 0.101664, 0, 1, 0, -0.101664, 0, -0.994819, 51.3462, -35.7332, 218.099)

[node name="pinetree368" parent="Environment/Trees" index="79" instance=ExtResource("9_w7e7j")]
transform = Transform3D(0.892042, 0, 0.451952, 0, 1, 0, -0.451952, 0, 0.892042, 52.5729, -41.7401, 232.176)

[node name="pinetree367" parent="Environment/Trees" index="80" instance=ExtResource("9_w7e7j")]
transform = Transform3D(0.113377, 0, -0.993552, 0, 1, 0, 0.993552, 0, 0.113377, 42.5793, -40.303, 225.269)

[node name="pinetree369" parent="Environment/Trees" index="81" instance=ExtResource("9_w7e7j")]
transform = Transform3D(0.852531, 0, 0.522677, 0, 1, 0, -0.522677, 0, 0.852531, 31.7226, -41.1313, 223.907)

[node name="pinetree366" parent="Environment/Trees" index="82" instance=ExtResource("9_w7e7j")]
transform = Transform3D(-0.299524, 0, 0.954089, 0, 1, 0, -0.954089, 0, -0.299524, 74.274, -37.7257, 219.044)

[node name="pinetree370" parent="Environment/Trees" index="83" instance=ExtResource("9_w7e7j")]
transform = Transform3D(-0.503065, 0, 0.864248, 0, 1, 0, -0.864248, 0, -0.503065, 70.3938, -38.2949, 228.392)

[node name="pinetree371" parent="Environment/Trees" index="84" instance=ExtResource("9_w7e7j")]
transform = Transform3D(0.113377, 0, -0.993552, 0, 1, 0, 0.993552, 0, 0.113377, 61.6037, -39.7572, 229.864)

[node name="pinetree318" parent="Environment/Trees" index="85" instance=ExtResource("9_w7e7j")]
transform = Transform3D(-0.400317, 0, 0.916377, 0, 1, 0, -0.916377, 0, -0.400317, -82.218, -32.9097, 177.871)

[node name="pinetree324" parent="Environment/Trees" index="86" instance=ExtResource("9_w7e7j")]
transform = Transform3D(-0.400317, 0, 0.916377, 0, 1, 0, -0.916377, 0, -0.400317, -84.3088, -32.1684, 167.068)

[node name="pinetree319" parent="Environment/Trees" index="87" instance=ExtResource("9_w7e7j")]
transform = Transform3D(-0.269189, 0, -0.963087, 0, 1, 0, 0.963087, 0, -0.269189, -92.5968, -32.287, 167.517)

[node name="pinetree320" parent="Environment/Trees" index="88" instance=ExtResource("9_w7e7j")]
transform = Transform3D(-0.312219, 0, 0.95001, 0, 1, 0, -0.95001, 0, -0.312219, -115.49, -32.3091, 171.528)

[node name="pinetree351" parent="Environment/Trees" index="89" instance=ExtResource("9_w7e7j")]
transform = Transform3D(-0.312219, 0, 0.95001, 0, 1, 0, -0.95001, 0, -0.312219, -221.463, -44.2959, 208.347)

[node name="pinetree353" parent="Environment/Trees" index="90" instance=ExtResource("9_w7e7j")]
transform = Transform3D(-0.312219, 0, 0.95001, 0, 1, 0, -0.95001, 0, -0.312219, -224.394, -41.5766, 198.026)

[node name="pinetree352" parent="Environment/Trees" index="91" instance=ExtResource("9_w7e7j")]
transform = Transform3D(0.819802, 0, 0.572647, 0, 1, 0, -0.572647, 0, 0.819802, -225.879, -46.5387, 216.693)

[node name="pinetree321" parent="Environment/Trees" index="92" instance=ExtResource("9_w7e7j")]
transform = Transform3D(-0.487128, 0, 0.87333, 0, 1, 0, -0.87333, 0, -0.487128, -64.0964, -32.4549, 158.427)

[node name="pinetree347" parent="Environment/Trees" index="93" instance=ExtResource("9_w7e7j")]
transform = Transform3D(-0.741882, 0, -0.67053, 0, 1, 0, 0.67053, 0, -0.741882, -100.501, -41.043, 215.15)

[node name="pinetree349" parent="Environment/Trees" index="94" instance=ExtResource("9_w7e7j")]
transform = Transform3D(0.767859, 0, 0.640619, 0, 1, 0, -0.640619, 0, 0.767859, -119.909, -41.1251, 217.135)

[node name="pinetree350" parent="Environment/Trees" index="95" instance=ExtResource("9_w7e7j")]
transform = Transform3D(0.939979, 0, -0.341233, 0, 1, 0, 0.341233, 0, 0.939979, -108.448, -36.9576, 203.814)

[node name="pinetree348" parent="Environment/Trees" index="96" instance=ExtResource("9_w7e7j")]
transform = Transform3D(0.638875, 0, 0.76931, 0, 1, 0, -0.76931, 0, 0.638875, -105.04, -43.1278, 223.698)

[node name="pinetree322" parent="Environment/Trees" index="97" instance=ExtResource("9_w7e7j")]
transform = Transform3D(-0.311705, 0, 0.950179, 0, 1, 0, -0.950179, 0, -0.311705, -75.8958, -32.3751, 169.06)

[node name="pinetree283" parent="Environment/Trees" index="98" instance=ExtResource("9_w7e7j")]
transform = Transform3D(-0.666142, 0, -0.745825, 0, 1, 0, 0.745825, 0, -0.666142, -104.691, -16.7979, 20.5452)

[node name="pinetree279" parent="Environment/Trees" index="99" instance=ExtResource("9_w7e7j")]
transform = Transform3D(0.729912, 0, 0.683541, 0, 1, 0, -0.683541, 0, 0.729912, -84.2395, -18.0279, 18.0809)

[node name="pinetree243" parent="Environment/Trees" index="100" instance=ExtResource("9_w7e7j")]
transform = Transform3D(0.0687814, 0, -0.997632, 0, 1, 0, 0.997632, 0, 0.0687814, -144.431, 6.46065, -6.35236)

[node name="pinetree242" parent="Environment/Trees" index="101" instance=ExtResource("9_w7e7j")]
transform = Transform3D(0.931018, 0, 0.364974, 0, 1, 0, -0.364974, 0, 0.931018, -153.313, -0.352235, 6.53521)

[node name="pinetree195" parent="Environment/Trees" index="102" instance=ExtResource("9_w7e7j")]
transform = Transform3D(-0.615978, 0, 0.787764, 0, 1, 0, -0.787764, 0, -0.615978, -157.411, 3.72818, 0.561882)

[node name="pinetree196" parent="Environment/Trees" index="103" instance=ExtResource("9_w7e7j")]
transform = Transform3D(0.741894, 0, -0.670517, 0, 1, 0, 0.670517, 0, 0.741894, -162.74, 2.54647, 9.36718)

[node name="pinetree197" parent="Environment/Trees" index="104" instance=ExtResource("9_w7e7j")]
transform = Transform3D(0.868129, 0, -0.496338, 0, 1, 0, 0.496338, 0, 0.868129, -161.028, -1.84802, 16.3782)

[node name="pinetree199" parent="Environment/Trees" index="105" instance=ExtResource("9_w7e7j")]
transform = Transform3D(0.927491, 0, 0.373846, 0, 1, 0, -0.373846, 0, 0.927491, -154.198, -13.0599, 32.2797)

